#----------------------------------------------------------------------------------------------
  81                              |int: no_model_lines;
#----------------------------------------------------------------------------------------------
#    no  depth[km]   rho[g/cm^3]    lama[GPa]      muM[GPa]      muK[GPa] etaM[Pa*s] etaK[Pa*s]
#----------------------------------------------------------------------------------------------
     1      0.0000      2.600000     34.200000     26.600000     26.600000  0.10E+20  0.10E+20
     2      3.0000      2.600000     34.200000     26.600000     26.600000  0.10E+20  0.10E+20
     3      3.0000      2.600000     34.200000     26.600000     26.600000  0.10E+20  0.10E+20
     4     15.0000      2.600000     34.200000     26.600000     26.600000  0.10E+20  0.10E+20
     5     15.0000      2.900000     45.900000     44.100000     44.100000  0.10E+20  0.10E+20
     6     24.4000      2.900000     45.900000     44.100000     44.100000  0.10E+20  0.10E+20
     7     24.4000      3.380760     86.000000     68.200000     68.200000  0.10E+20  0.10E+20
     8     40.0000      3.379060     85.800000     68.000000     68.000000  0.10E+20  0.10E+20
     9     40.0000      3.379060     85.800000     68.000000     68.000000  0.10E+20  0.10E+20
    10     50.0000      3.377970     85.700000     67.850000     67.850000  0.10E+20  0.10E+20
    11     50.0000      3.377970     85.700000     67.850000     67.850000  0.10E+20  0.10E+20	 	 
    12     60.0000      3.376880     85.600000     67.700000     67.700000  0.10E+20  0.10E+20
    13     60.0000      3.376880     85.600000     67.700000     67.700000  0.10E+20  0.10E+20
    14     80.0000      3.374710     85.300000     67.400000     67.400000  0.10E+20  0.10E+20
    15     80.0000      3.374710     85.300000     67.400000     67.400000  0.10E+20  0.10E+20
    16    115.0000      3.370910     84.800000     66.900000     66.900000  0.10E+20  0.10E+20
    17    115.0000      3.370910     84.800000     66.900000     66.900000  0.10E+20  0.10E+20
    18    150.0000      3.367100     84.300000     66.500000     66.500000  0.10E+20  0.10E+20
    19    150.0000      3.367100     84.300000     66.500000     66.500000  0.10E+20  0.10E+20
    20    185.0000      3.363300     83.800000     66.000000     66.000000  0.10E+20  0.10E+20
    21    185.0000      3.363300     83.800000     66.000000     66.000000  0.10E+20  0.10E+20
    22    220.0000      3.359500     83.300000     65.600000     65.600000  0.10E+20  0.10E+20
    23    220.0000      3.435780    103.500000     74.100000     74.100000  0.10E+20  0.10E+20
    24    265.0000      3.462640    107.400000     75.700000     75.700000  0.10E+20  0.10E+20
    25    265.0000      3.462640    107.400000     75.700000     75.700000  0.10E+20  0.10E+20
    26    310.0000      3.489510    111.500000     77.300000     77.300000  0.10E+20  0.10E+20
    27    310.0000      3.489510    111.500000     77.300000     77.300000  0.10E+20  0.10E+20
    28    355.0000      3.516390    115.600000     79.000000     79.000000  0.10E+20  0.10E+20
    29    355.0000      3.516390    115.600000     79.000000     79.000000  0.10E+20  0.10E+20
    30    400.0000      3.543250    119.800000     80.600000     80.600000  0.10E+20  0.10E+20
    31    400.0000      3.723780    129.500000     90.600000     90.600000  0.10E+20  0.10E+20
    32    450.0000      3.786780    138.600000     97.700000     97.700000  0.10E+20  0.10E+20
    33    450.0000      3.786780    138.600000     97.700000     97.700000  0.10E+20  0.10E+20
    34    500.0000      3.849800    148.100000    105.100000    105.100000  0.10E+20  0.10E+20
    35    500.0000      3.849800    148.100000    105.100000    105.100000  0.10E+20  0.10E+20
    36    550.0000      3.912820    158.000000    112.800000    112.800000  0.10E+20  0.10E+20
    37    550.0000      3.912820    158.000000    112.800000    112.800000  0.10E+20  0.10E+20
    38    600.0000      3.975840    168.300000    121.000000    121.000000  0.10E+20  0.10E+20
    39    600.0000      3.975840    168.300000    121.000000    121.000000  0.10E+20  0.10E+20
    40    635.0000      3.983990    170.600000    122.400000    122.400000  0.10E+20  0.10E+20
    41    635.0000      3.983990    170.600000    122.400000    122.400000  0.10E+20  0.10E+20
    42    670.0000      3.992140    173.000000    123.900000    123.900000  0.10E+20  0.10E+20
    43    670.0000      4.380710    196.700000    154.800000    154.800000  0.10E+20  0.10E+20
    44    721.0000      4.412410    197.500000    163.900000    163.900000  0.10E+20  0.10E+20
    45    721.0000      4.412410    197.500000    163.900000    163.900000  0.10E+20  0.10E+20
    46    771.0000      4.443160    198.000000    173.000000    173.000000  0.10E+20  0.10E+20
    47    771.0000      4.443170    198.000000    173.000000    173.000000  0.10E+20  0.10E+20
    48    871.0000      4.503720    210.700000    179.400000    179.400000  0.10E+20  0.10E+20
    49    871.0000      4.503720    210.700000    179.400000    179.400000  0.10E+20  0.10E+20
    50    971.0000      4.563070    223.400000    185.600000    185.600000  0.10E+20  0.10E+20
    51    971.0000      4.563070    223.400000    185.600000    185.600000  0.10E+20  0.10E+20
    52   1071.0000      4.621290    235.900000    191.800000    191.800000  0.10E+20  0.10E+20
    53   1071.0000      4.621290    235.900000    191.800000    191.800000  0.10E+20  0.10E+20
    54   1171.0000      4.678440    248.300000    197.900000    197.900000  0.10E+20  0.10E+20
    55   1171.0000      4.678440    248.300000    197.900000    197.900000  0.10E+20  0.10E+20
    56   1271.0000      4.734600    260.600000    203.900000    203.900000  0.10E+20  0.10E+20
    57   1271.0000      4.734600    260.600000    203.900000    203.900000  0.10E+20  0.10E+20
    58   1371.0000      4.789830    272.900000    209.800000    209.800000  0.10E+20  0.10E+20
    59   1371.0000      4.789830    272.900000    209.800000    209.800000  0.10E+20  0.10E+20
    60   1471.0000      4.844220    285.000000    215.700000    215.700000  0.10E+20  0.10E+20
    61   1471.0000      4.844220    285.000000    215.700000    215.700000  0.10E+20  0.10E+20
    62   1571.0000      4.897830    297.100000    221.500000    221.500000  0.10E+20  0.10E+20
    63   1571.0000      4.897830    297.100000    221.500000    221.500000  0.10E+20  0.10E+20
    64   1671.0000      4.950730    309.100000    227.300000    227.300000  0.10E+20  0.10E+20
    65   1671.0000      4.950730    309.100000    227.300000    227.300000  0.10E+20  0.10E+20
    66   1771.0000      5.002990    321.200000    233.100000    233.100000  0.10E+20  0.10E+20
    67   1771.0000      5.002990    321.200000    233.100000    233.100000  0.10E+20  0.10E+20
    68   1871.0000      5.054690    333.300000    238.800000    238.800000  0.10E+20  0.10E+20
    69   1871.0000      5.054690    333.300000    238.800000    238.800000  0.10E+20  0.10E+20
    70   1971.0000      5.105900    345.500000    244.500000    244.500000  0.10E+20  0.10E+20
    71   1971.0000      5.105900    345.500000    244.500000    244.500000  0.10E+20  0.10E+20
    72   2071.0000      5.156690    357.800000    250.200000    250.200000  0.10E+20  0.10E+20
    73   2071.0000      5.156690    357.800000    250.200000    250.200000  0.10E+20  0.10E+20
    74   2171.0000      5.207130    370.300000    255.900000    255.900000  0.10E+20  0.10E+20
    75   2171.0000      5.207130    370.300000    255.900000    255.900000  0.10E+20  0.10E+20
    76   2271.0000      5.257290    383.000000    261.700000    261.700000  0.10E+20  0.10E+20
    77   2271.0000      5.257290    383.000000    261.700000    261.700000  0.10E+20  0.10E+20
    78   2371.0000      5.307240    396.100000    267.500000    267.500000  0.10E+20  0.10E+20
    79   2371.0000      5.307240    396.100000    267.500000    267.500000  0.10E+20  0.10E+20
    80   2471.0000      5.357060    409.400000    273.400000    273.400000  0.10E+20  0.10E+20
    81   2471.0000      5.357060    409.400000    273.400000    273.400000  0.10E+20  0.10E+20
    82   2571.0000      5.406810    423.200000    279.400000    279.400000  0.10E+20  0.10E+20
    83   2571.0000      5.406810    423.200000    279.400000    279.400000  0.10E+20  0.10E+20
    84   2671.0000      5.456570    437.600000    285.500000    285.500000  0.10E+20  0.10E+20
    85   2671.0000      5.456570    437.600000    285.500000    285.500000  0.10E+20  0.10E+20
    86   2741.0000      5.491450    447.900000    289.900000    289.900000  0.10E+20  0.10E+20
    87   2741.0000      5.491450    447.900000    289.900000    289.900000  0.10E+20  0.10E+20
    88   2771.0000      5.506420    450.200000    290.700000    290.700000  0.10E+20  0.10E+20
    89   2771.0000      5.506420    450.200000    290.700000    290.700000  0.10E+20  0.10E+20
    90   2871.0000      5.556410    458.100000    293.300000    293.300000  0.10E+20  0.10E+20
    91   2871.0000      5.556410    458.100000    293.300000    293.300000  0.10E+20  0.10E+20
    92   2891.0000      5.566450    459.800000    293.800000    293.800000  0.10E+20  0.10E+20
    93   2891.0000      9.903490    644.100000      0.000000      0.000000  0.10E+20  0.10E+20
    94   2971.0000     10.029400    674.300000      0.000000      0.000000  0.10E+20  0.10E+20
    95   2971.0000     10.029400    674.300000      0.000000      0.000000  0.10E+20  0.10E+20
    96   3071.0000     10.181340    711.600000      0.000000      0.000000  0.10E+20  0.10E+20
    97   3071.0000     10.181340    711.600000      0.000000      0.000000  0.10E+20  0.10E+20
    98   3171.0000     10.327260    748.400000      0.000000      0.000000  0.10E+20  0.10E+20
    99   3171.0000     10.327260    748.400000      0.000000      0.000000  0.10E+20  0.10E+20
   100   3271.0000     10.467270    786.400000      0.000000      0.000000  0.10E+20  0.10E+20
   101   3271.0000     10.467270    786.400000      0.000000      0.000000  0.10E+20  0.10E+20
   102   3371.0000     10.601520    820.200000      0.000000      0.000000  0.10E+20  0.10E+20
   103   3371.0000     10.601520    820.200000      0.000000      0.000000  0.10E+20  0.10E+20
   104   3471.0000     10.730120    855.000000      0.000000      0.000000  0.10E+20  0.10E+20
   105   3471.0000     10.730120    855.000000      0.000000      0.000000  0.10E+20  0.10E+20
   106   3571.0000     10.853210    888.900000      0.000000      0.000000  0.10E+20  0.10E+20
   107   3571.0000     10.853210    888.900000      0.000000      0.000000  0.10E+20  0.10E+20
   108   3671.0000     10.970910    922.000000      0.000000      0.000000  0.10E+20  0.10E+20
   109   3671.0000     10.970910    922.000000      0.000000      0.000000  0.10E+20  0.10E+20
   110   3771.0000     11.083350    954.200000      0.000000      0.000000  0.10E+20  0.10E+20
   111   3771.0000     11.083350    954.200000      0.000000      0.000000  0.10E+20  0.10E+20
   112   3871.0000     11.190670    985.500000      0.000000      0.000000  0.10E+20  0.10E+20
   113   3871.0000     11.190670    985.500000      0.000000      0.000000  0.10E+20  0.10E+20
   114   3971.0000     11.292980   1015.800000      0.000000      0.000000  0.10E+20  0.10E+20
   115   3971.0000     11.292980   1015.800000      0.000000      0.000000  0.10E+20  0.10E+20
   116   4071.0000     11.390420   1045.100000      0.000000      0.000000  0.10E+20  0.10E+20
   117   4071.0000     11.390420   1045.100000      0.000000      0.000000  0.10E+20  0.10E+20
   118   4171.0000     11.483110   1073.500000      0.000000      0.000000  0.10E+20  0.10E+20
   119   4171.0000     11.483110   1073.500000      0.000000      0.000000  0.10E+20  0.10E+20
   120   4271.0000     11.571190   1100.900000      0.000000      0.000000  0.10E+20  0.10E+20
   121   4271.0000     11.571190   1100.900000      0.000000      0.000000  0.10E+20  0.10E+20
   122   4371.0000     11.654780   1127.300000      0.000000      0.000000  0.10E+20  0.10E+20
   123   4371.0000     11.654780   1127.300000      0.000000      0.000000  0.10E+20  0.10E+20
   124   4471.0000     11.734010   1152.900000      0.000000      0.000000  0.10E+20  0.10E+20
   125   4471.0000     11.734010   1152.900000      0.000000      0.000000  0.10E+20  0.10E+20
   126   4571.0000     11.809000   1177.500000      0.000000      0.000000  0.10E+20  0.10E+20
   127   4571.0000     11.809000   1177.500000      0.000000      0.000000  0.10E+20  0.10E+20
   128   4671.0000     11.879900   1201.300000      0.000000      0.000000  0.10E+20  0.10E+20
   129   4671.0000     11.879900   1201.300000      0.000000      0.000000  0.10E+20  0.10E+20
   130   4771.0000     11.946820   1224.200000      0.000000      0.000000  0.10E+20  0.10E+20
   131   4771.0000     11.946820   1224.200000      0.000000      0.000000  0.10E+20  0.10E+20
   132   4871.0000     12.009890   1246.400000      0.000000      0.000000  0.10E+20  0.10E+20
   133   4871.0000     12.009890   1246.400000      0.000000      0.000000  0.10E+20  0.10E+20
   134   4971.0000     12.069240   1267.900000      0.000000      0.000000  0.10E+20  0.10E+20
   135   4971.0000     12.069240   1267.900000      0.000000      0.000000  0.10E+20  0.10E+20
   136   5071.0000     12.125000   1288.800000      0.000000      0.000000  0.10E+20  0.10E+20
   137   5071.0000     12.125000   1288.800000      0.000000      0.000000  0.10E+20  0.10E+20
   138   5149.5000     12.166340   1304.700000      0.000000      0.000000  0.10E+20  0.10E+20
   139   5149.5000     12.763600   1238.900000    156.700000    156.700000  0.10E+20  0.10E+20
   140   5171.0000     12.774930   1241.200000    157.400000    157.400000  0.10E+20  0.10E+20
   141   5171.0000     12.774930   1241.200000    157.400000    157.400000  0.10E+20  0.10E+20
   142   5271.0000     12.825010   1251.800000    160.300000    160.300000  0.10E+20  0.10E+20
   143   5271.0000     12.825010   1251.800000    160.300000    160.300000  0.10E+20  0.10E+20
   144   5371.0000     12.870730   1261.400000    163.000000    163.000000  0.10E+20  0.10E+20
   145   5371.0000     12.870730   1261.400000    163.000000    163.000000  0.10E+20  0.10E+20
   146   5471.0000     12.912110   1270.200000    165.400000    165.400000  0.10E+20  0.10E+20
   147   5471.0000     12.912110   1270.200000    165.400000    165.400000  0.10E+20  0.10E+20
   148   5571.0000     12.949120   1278.100000    167.600000    167.600000  0.10E+20  0.10E+20
   149   5571.0000     12.949120   1278.100000    167.600000    167.600000  0.10E+20  0.10E+20
   150   5671.0000     12.981780   1285.100000    169.600000    169.600000  0.10E+20  0.10E+20
   151   5671.0000     12.981780   1285.100000    169.600000    169.600000  0.10E+20  0.10E+20
   152   5771.0000     13.010090   1291.100000    171.300000    171.300000  0.10E+20  0.10E+20
   153   5771.0000     13.010090   1291.100000    171.300000    171.300000  0.10E+20  0.10E+20
   154   5871.0000     13.034040   1296.200000    172.700000    172.700000  0.10E+20  0.10E+20
   155   5871.0000     13.034040   1296.200000    172.700000    172.700000  0.10E+20  0.10E+20
   156   5971.0000     13.053640   1300.500000    173.900000    173.900000  0.10E+20  0.10E+20
   157   5971.0000     13.053640   1300.500000    173.900000    173.900000  0.10E+20  0.10E+20
   158   6071.0000     13.068880   1303.700000    174.900000    174.900000  0.10E+20  0.10E+20
   159   6071.0000     13.068880   1303.700000    174.900000    174.900000  0.10E+20  0.10E+20
   160   6171.0000     13.079770   1306.100000    175.500000    175.500000  0.10E+20  0.10E+20
   161   6171.0000     13.079770   1306.100000    175.500000    175.500000  0.10E+20  0.10E+20
   162   6271.0000     13.086300   1307.500000    175.900000    175.900000  0.10E+20  0.10E+20
#=================================end of earth model===========================================